0 2915
1 4577
2 63
3 61
4 995
5 3738
6 3256
7 2789
8 821
9 3115
10 2797
11 3401
12 2863
13 3552
14 728
15 394
16 3149
17 85
18 6955
19 484
20 1150
21 49
22 2817
23 120
24 453
25 759
26 59
27 52
28 58
29 27
30 467
31 148
32 44
33 198
34 333
35 3624
36 2967
37 246
38 2809
39 3123
40 108
41 267
42 448
43 2789
44 376
45 40
46 200
47 532
48 2825
49 43
50 2814
51 120
52 68
53 31
54 2788
55 251
56 34
57 2807
58 2785
59 55
60 311
61 49
62 2765
63 33
64 155
65 2926
66 27
67 2929
68 1534
69 182
70 2808
71 383
72 12472
73 2935
74 2854
75 3024
76 2798
77 33
78 24
79 79
80 419
81 381
82 803
83 1055
84 204
85 107
86 2790
87 4988
88 166
89 298
90 98
91 561
92 3085
93 30
94 39
95 322
96 31
97 4919
98 2773
99 1899
100 2897
101 236
102 265
103 2841
104 24
105 86
106 107
107 2791
108 2783
109 80
110 33
111 123
112 47
113 299
114 69
115 453
116 965
117 3005
118 115
119 3333
120 896
121 100
122 2788
123 112
124 164
125 246
126 90
127 819
128 29
129 132
130 46
131 54
132 126
133 26
134 1163
135 2847
136 40
137 289
138 2017
139 2986
140 2900
141 1318
142 577
143 158
144 56
145 3037
146 1430
147 832
148 197
149 3397
150 452
151 657
152 3917
153 368
154 505
155 2777
156 37
157 799
158 158
159 298
160 483
161 395
162 100
163 76
164 340
165 223
166 360
167 59
168 1250
169 168
170 1500
171 31
172 2810
173 35
174 34
175 2953
176 51
177 1392
178 233
179 83
180 170
181 1198
182 2884
183 155
184 21
185 3071
186 163
187 3227
188 215
189 13742
190 8599
191 1669
192 670
193 182
194 2797
195 65
196 2790
197 99
198 146
199 33
200 3037
201 3138
