0 50
1 2979
2 494
3 2851
4 4159
5 128
6 198
7 3305
8 225
9 34
10 2500
11 180
12 3495
13 3701
14 37
15 38
16 5413
17 2827
18 84
19 1047
20 492
21 503
22 448
23 330
24 104
25 41
26 84
27 126
28 57
29 2807
30 159
31 869
32 2865
33 991
34 381
35 103
36 1204
37 94
38 1544
39 2903
40 829
41 2933
42 48
43 55
44 166
45 67
46 7075
47 1633
48 36
49 2798
50 1114
51 239
52 2979
53 54
54 3045
55 2876
56 3402
57 13209
58 2879
59 8047
60 419
61 196
62 358
63 460
64 67
65 2909
66 498
67 95
68 3169
69 2704
70 176
71 427
72 4276
73 6227
74 5142
75 30
76 284
77 339
78 3238
79 2955
80 33
81 255
82 108
83 5097
84 290
85 131
86 277
87 2898
88 5130
89 551
90 2802
91 2972
92 82
93 150
94 109
95 509
96 4294
97 126
98 24
99 46
100 5509
101 3129
102 74
103 457
104 2956
105 3258
106 90
107 2910
108 1532
109 204
110 896
111 10232
112 615
113 59
114 100
115 149
116 29
117 3417
118 278
119 3356
120 2500
121 24
122 277
123 68
124 51
125 297
126 54
127 221
128 405
129 376
130 4826
131 2860
132 490
133 660
134 181
135 2812
136 22040
137 6707
138 63
139 1026
140 31
141 25
142 91
143 838
144 446
145 176
146 178
147 82
148 3057
149 3945
150 2800
151 354
152 129
153 68
154 251
155 1701
156 3073
157 2851
158 66
159 5244
160 249
161 129
162 179
163 80
164 205
165 36
166 5978
167 766
168 514
169 3243
170 1420
171 4132
172 325
173 2990
174 31
175 895
176 3120
177 117
178 79
179 2867
180 1269
181 3473
182 2821
